Dimer catalyst

D1 (Multiplicity=1, E=-3526.2603194062)
Co 27.0 -1.23961425 2.04337764 -1.30148137 Co 27.0 0.64933914 -0.02667719 -1.11235344 O 8.0 0.62316924 1.85371816 -1.00668812 O 8.0 0.19421917 -0.21974586 0.70077103 O 8.0 -1.60467350 1.67253053 0.61715102 O 8.0 -1.23590481 0.12102925 -1.53786683 O 8.0 -3.14159751 2.31394982 -1.79741430 H 1.0 -3.12692404 3.27324462 -1.60340631 H 1.0 -3.02091217 2.24643946 -2.76179886 O 8.0 -1.32762408 3.86445546 -0.90945214 H 1.0 -0.56891978 4.36345291 -1.22864020 H 1.0 -0.52630824 3.03265667 -3.33341789 O 8.0 -0.90005088 2.16296530 -3.14996529 H 1.0 0.25896871 1.03137565 -3.25273728 O 8.0 2.45625877 -0.26279160 -0.69334614 H 1.0 0.34188464 -2.35892344 -0.48137808 H 1.0 3.00622773 0.18579152 -1.34551942 O 8.0 0.78702474 -2.01591682 -1.27072775 H 1.0 1.74026370 -1.89232743 -1.02127492 O 8.0 0.89702398 0.25324932 -3.07636929 H 1.0 0.88496536 2.11124682 -0.11488124 H 1.0 -1.48960340 2.52036691 1.06810343 H 1.0 -0.89752966 1.00519943 0.90683490 H 1.0 -1.76472306 -0.28552094 -0.84160006 H 1.0 0.48012775 -0.50355375 -3.50820255 H 1.0 1.03471124 -0.22922070 1.17700219


D2 (Multiplicity=1, E=-3526.2570050149)
Co 27.0 -1.34923196 1.98659790 -1.60350299 Co 27.0 0.74808598 0.15353251 -1.18135369 O 8.0 0.50725752 2.04022002 -1.23615170 O 8.0 0.11891355 0.10734656 0.70764065 O 8.0 -1.77243209 1.83616495 0.22187679 O 8.0 -1.10665226 0.07555377 -1.71273375 O 8.0 -3.30503035 1.99564099 -1.96602702 H 1.0 -3.35666060 2.96957278 -2.03619456 H 1.0 -0.83079422 4.34272194 -1.72736120 O 8.0 -1.63240254 3.83399367 -1.57068980 H 1.0 2.02746201 0.54585254 -3.14630103 O 8.0 2.48820305 0.20267867 -0.50894397 H 1.0 3.06062555 0.84036320 -0.94811362 O 8.0 1.09240508 -1.79101014 -1.28655434 H 1.0 2.00888872 -1.70754564 -0.95129800 O 8.0 1.14422989 0.18160413 -3.01517391 H 1.0 0.65341336 2.42109871 -0.36233401 H 1.0 -1.84986305 2.74941158 0.52964169 H 1.0 -0.59652025 0.82229245 0.77132231 H 1.0 -1.61194599 -0.40135303 -1.04515278 H 1.0 1.17680693 -1.84559882 -2.25592184 H 1.0 0.88497782 0.33389223 1.25283539 H 1.0 -3.63383150 1.78292263 -1.07661247 O 8.0 -0.82935524 1.92223573 -3.52474976 H 1.0 -0.07964610 1.24461091 -3.52389193 H 1.0 -0.45275882 2.76636577 -3.80045891


D3 (Multiplicity=1, E=-3526.2530763104)
Co 27.0 -1.38726461 2.23988175 -0.37373224 Co 27.0 0.46712181 0.14959660 -0.76947153 O 8.0 0.36709693 1.97851205 -1.21118522 O 8.0 1.13335943 0.59592015 0.92969006 O 8.0 -0.33267274 2.61696887 1.29530287 O 8.0 -1.30577624 0.38597131 -0.00751292 O 8.0 -2.97507286 2.56022978 0.53405821 H 1.0 -3.58275342 1.81430173 0.49886018 O 8.0 -1.56414127 4.21456718 -0.71807343 H 1.0 -2.47657371 4.21951914 -0.36026508 H 1.0 -1.02135503 4.69647455 -0.07917307 O 8.0 2.13466191 -0.16723205 -1.52269220 H 1.0 2.48113513 0.58762729 -2.00896907 O 8.0 0.55941916 -1.83737957 -0.50508255 H 1.0 -0.07626291 -2.17987180 -1.15008783 H 1.0 1.05223596 2.44564581 -0.71821535 H 1.0 2.09121752 0.48998868 0.92601120 H 1.0 0.36890179 1.85020018 1.33868086 H 1.0 -1.21846378 0.23476474 0.94167018 O 8.0 -0.52552551 -0.16194494 -2.46624708 H 1.0 1.44008100 -1.92135620 -0.92128170 H 1.0 0.06845533 0.06571500 -3.19242454 O 8.0 -2.09450698 1.78167582 -2.03844929 H 1.0 -1.25935936 0.58420038 -2.42532253 H 1.0 -3.03636241 1.60248351 -1.93952394 H 1.0 -0.94045562 2.56143880 2.04385495

D4 (Multiplicity=1, E=-3526.2390091884)
Co 27.0 -1.21772051 2.19792438 -0.48980978 Co 27.0 0.52994674 -0.00659151 -0.71933579 O 8.0 0.65890735 1.82716024 -1.05069590 O 8.0 1.18090332 0.25610274 1.00563884 O 8.0 -0.60981107 2.80681372 1.15373850 O 8.0 -1.15813744 0.34274861 0.00596983 O 8.0 -3.00580215 2.50312424 -0.06941551 H 1.0 -3.05706978 2.54418230 0.89285183 O 8.0 -1.27188790 4.13032866 -0.93612224 H 1.0 -2.23757744 4.14114523 -0.74444038 H 1.0 -0.85771388 4.43396521 -0.10683997 O 8.0 2.36476636 -0.16595691 -1.52889144 H 1.0 2.47864556 0.69509637 -1.96285141 H 1.0 2.46924829 -0.85528022 -2.19732547 O 8.0 0.27649626 -1.99211001 -0.56932217 H 1.0 -0.29968715 -2.02810788 -1.36405218 H 1.0 1.14130068 2.19918180 -0.29474393 H 1.0 2.07016635 -0.10222613 1.10197914 H 1.0 0.04755292 2.20382094 1.53163445 H 1.0 -1.01365566 0.36447316 0.96433342 O 8.0 -0.33741856 -0.41925785 -2.41745853 H 1.0 -0.25182632 -2.21115232 0.20918070 H 1.0 0.16483718 -0.18239813 -3.20434737 O 8.0 -1.95584798 1.61704779 -2.24079752 H 1.0 -1.48434031 0.74241924 -2.41325569 H 1.0 -2.87728786 1.43306327 -2.00233173

D5 (Multiplicity=1, E=-3526.2488071308)
Co 27.0 -1.30926120 2.16719222 -0.46261284 Co 27.0 0.54126519 0.05550175 -0.81349760 O 8.0 0.45391566 1.93878245 -1.08035266 O 8.0 1.31085515 0.44759351 0.83802754 O 8.0 -0.73266387 2.86187410 1.18430400 O 8.0 -1.21221685 0.35043967 0.01182855 O 8.0 -3.10819936 2.49032760 0.37045547 H 1.0 -2.68829584 2.80842447 1.19983077 O 8.0 -1.25602734 4.10466719 -0.99023300 H 1.0 -0.76067239 4.14323187 -1.82040942 H 1.0 -0.68429762 4.42617226 -0.26871663 O 8.0 2.15902829 -0.27686474 -1.69630384 H 1.0 2.88153672 0.16381240 -1.23526978 H 1.0 -3.54355192 3.24849629 -0.04244931 O 8.0 0.68511826 -1.92004573 -0.59893173 H 1.0 0.04290047 -2.29926419 -1.21494281 H 1.0 1.05078793 2.23042250 -0.37231359 H 1.0 1.76665068 -0.31642717 1.20707560 H 1.0 -0.06344060 2.32195520 1.62793934 H 1.0 -0.96676540 0.32695496 0.94850886 O 8.0 -0.34295723 -0.19378035 -2.55643749 H 1.0 1.54611385 -1.83825862 -1.09316003 H 1.0 0.35365877 0.03538112 -3.18728018 O 8.0 -1.96630454 1.66172564 -2.18150425 H 1.0 -1.06119537 0.57783729 -2.55853844 H 1.0 -2.81880403 1.22822285 -2.05870605

D6 (Multiplicity=1, E=-3526.2430724224)
Co 27.0 -1.26108265 2.00896955 -1.41224253 Co 27.0 0.65015054 -0.12370583 -1.12718630 O 8.0 0.60819143 1.79645324 -1.05953109 O 8.0 0.51893979 -0.43214107 0.88650393 O 8.0 -1.73921371 2.21159029 0.37747759 O 8.0 -1.21578526 0.03543954 -1.29593384 O 8.0 -3.20290065 2.28309083 -1.73191607 H 1.0 -3.43201423 2.27416420 -0.78309053 H 1.0 -2.99102807 3.23032212 -1.91133416 O 8.0 -1.22352195 3.85864425 -1.67111909 H 1.0 -1.10683620 4.26248312 -0.80328935 H 1.0 -0.40393949 2.83256173 -3.45962453 O 8.0 -0.80650020 1.95967233 -3.33407950 H 1.0 -0.08857796 1.25888491 -3.38993526 O 8.0 2.64810443 -0.29389998 -1.14501166 H 1.0 2.68446493 -1.26848769 -1.18301594 H 1.0 2.68713140 -0.01561434 -2.08311105 O 8.0 0.74515420 -2.00414658 -1.02191031 H 1.0 0.02514581 -2.45770073 -1.47255504 O 8.0 0.87526220 0.01535664 -2.97881794 H 1.0 0.75733513 2.16320086 -0.17977038 H 1.0 1.32256329 -0.23389079 1.38457990 H 1.0 -1.37117600 1.52204025 0.94140059 H 1.0 -1.66527414 -0.23536490 -0.48578861 H 1.0 0.57671160 -0.80911672 -3.38132477 H 1.0 0.52975047 -1.40201652 0.67413831

D7 (Multiplicity=1, E=-3526.2355645636)
Co 27.0 -1.20167720 2.00852847 -1.46911395 Co 27.0 0.67329681 -0.12422694 -1.00565708 O 8.0 0.60576516 1.75434649 -0.96973306 O 8.0 0.54957676 -0.15762320 1.05143797 O 8.0 -1.92110169 2.06751704 0.23939954 O 8.0 -1.20841181 0.02579450 -1.40730190 O 8.0 -3.09285307 2.29977584 -2.01390553 H 1.0 -3.52190471 2.21598363 -1.14518332 H 1.0 -2.85653734 3.25643659 -2.08695459 O 8.0 -1.13335979 3.86850309 -1.66643274 H 1.0 -1.17143726 4.25760365 -0.78538787 H 1.0 -0.14646047 2.93892884 -3.34342360 O 8.0 -0.51243514 2.04028583 -3.35058641 H 1.0 0.24765722 1.39735627 -3.32750177 O 8.0 2.48872709 -0.26625267 -0.50075233 H 1.0 1.90610838 -1.92970288 -0.92971468 H 1.0 3.07448268 0.25433975 -1.05972624 O 8.0 0.93629909 -2.11476398 -1.02847672 H 1.0 0.82089275 -2.36124873 -1.95825493 O 8.0 0.91169953 -0.14736658 -2.84972835 H 1.0 0.80822635 2.12127590 -0.10115148 H 1.0 1.53168714 -0.17554876 1.11553407 H 1.0 -1.30786812 1.77317345 0.92169809 H 1.0 -1.77860332 -0.16423325 -0.65146267 H 1.0 0.05686435 -0.46506488 -3.17812824 H 1.0 0.22370143 -0.98796326 1.42277050


D8 (Multiplicity=1, E=-3526.2351988435)
Co 27.0 -1.13746488 1.76356149 -1.19557941 Co 27.0 0.77403843 -0.33336094 -0.87816620 O 8.0 0.73394728 1.53233969 -0.97173601 O 8.0 0.55922729 -0.44742966 0.95022231 O 8.0 -1.56333864 1.82505667 0.59943539 O 8.0 -1.12632048 -0.20776173 -1.15009570 O 8.0 -3.09270000 2.04433227 -1.42556369 H 1.0 -3.31101251 1.97116828 -0.47778511 H 1.0 -2.91628909 3.00439930 -1.55639362 O 8.0 -1.10451269 3.62771392 -1.40636826 H 1.0 -0.90562022 4.03073502 -0.55461609 H 1.0 -0.47471121 2.81614065 -3.16626191 O 8.0 -0.73793310 1.87751281 -3.18071890 H 1.0 0.06566475 1.35096514 -3.33378577 O 8.0 2.65661764 -0.35324112 -0.87772787 H 1.0 3.00653315 -1.21869230 -0.63470954 H 1.0 2.14272237 -0.24377209 -2.50335550 O 8.0 0.59761441 -2.33622766 -0.72291249 H 1.0 -0.28250453 -2.56465673 -1.05742276 O 8.0 1.22029507 -0.24882953 -2.91087437 H 1.0 1.06787455 1.92807055 -0.15821166 H 1.0 1.41554213 -0.24284784 1.34808671 H 1.0 -0.96858913 1.23557389 1.08730078 H 1.0 -1.57076204 -0.34609967 -0.30250037 H 1.0 1.11829519 -1.07676506 -3.39636445 H 1.0 0.50520200 -2.26209259 0.25463083

D9 (Multiplicity=1, E=-3526.2316534704)
Co 27.0 -1.29203379 1.98341715 -1.40107536 Co 27.0 0.64463121 -0.16951773 -1.10196352 O 8.0 0.56994909 1.75105929 -1.10853660 O 8.0 0.61273146 -0.46093997 0.83078033 O 8.0 -1.79985964 2.08539748 0.37723404 O 8.0 -1.26030576 0.02501105 -1.34183276 O 8.0 -3.23874617 2.24889922 -1.71277344 H 1.0 -3.48295546 2.19477487 -0.77055508 H 1.0 -3.06386352 3.20613074 -1.86247098 O 8.0 -1.25947464 3.84620595 -1.63727391 H 1.0 -1.12605512 4.26242495 -0.77909487 H 1.0 -0.54369795 3.00760126 -3.35216045 O 8.0 -0.84368986 2.08039355 -3.36747551 H 1.0 -0.06562860 1.51857436 -3.51960039 O 8.0 2.51919127 -0.22346708 -1.03268862 H 1.0 2.77448964 -1.15635240 -1.00186276 H 1.0 1.95637870 -0.06377621 -2.76508689 O 8.0 0.61170119 -2.04366755 -1.15162921 H 1.0 -0.28163001 -2.33907056 -1.37031853 O 8.0 1.00290382 -0.09668998 -3.05337906 H 1.0 0.94092655 2.24675417 -0.37220186 H 1.0 1.54573023 -0.27002066 1.03470039 H 1.0 -1.19100547 1.60963285 0.95273548 H 1.0 -1.75670588 -0.18384282 -0.54084730 H 1.0 0.84013861 -1.01178598 -3.33385301 H 1.0 0.58986968 -1.43257487 0.63653046


D10 (Multiplicity=1, E=-3526.2293421783)
Co 27.0 -1.14854372 1.76063919 -1.18173420 Co 27.0 0.80966300 -0.23422016 -0.91347647 O 8.0 0.71314746 1.66356218 -0.79212755 O 8.0 0.58510119 -0.20133683 0.96201473 O 8.0 -1.61844957 1.99507737 0.61584526 O 8.0 -1.07038891 -0.11911947 -1.01267397 O 8.0 -3.14579606 1.84741962 -1.33106565 H 1.0 -3.20067787 1.86051321 -0.34369186 H 1.0 -3.39106107 2.73967886 -1.61440325 O 8.0 -1.10731483 3.71700525 -1.62806535 H 1.0 -0.37206849 4.15399885 -1.18011177 H 1.0 -0.80968016 3.40458560 -2.53024054 O 8.0 -0.78351372 1.75420392 -3.06664228 H 1.0 -1.51280272 1.35580325 -3.55471516 O 8.0 2.80995989 -0.23970793 -0.97119826 H 1.0 3.13152027 0.59811705 -0.61392057 H 1.0 2.68119073 -0.10894670 -1.95210373 O 8.0 0.77165288 -2.20488715 -1.26279104 H 1.0 0.83209449 -1.95483649 -2.22330499 O 8.0 1.14488637 -0.28161868 -2.78123093 H 1.0 0.74362409 1.77118766 0.17472453 H 1.0 1.10589731 -0.87998843 1.40374541 H 1.0 -1.15277171 1.39594245 1.21650350 H 1.0 -1.27419138 -0.29055160 -0.07727467 H 1.0 0.59947515 0.41724515 -3.19017458 H 1.0 -0.13546960 -2.51034212 -1.12861264

D11 (Multiplicity=1, E=-3526.2194079247)
Co 27.0 -1.00735831 1.82808411 -1.01994145 Co 27.0 0.92834955 -0.22490597 -0.88318121 O 8.0 0.87244713 1.65308464 -0.82703292 O 8.0 0.79022700 -0.51043135 0.99883622 O 8.0 -1.38933909 1.95584977 0.84345138 O 8.0 -0.95434958 -0.08682388 -0.88380712 O 8.0 -2.99300122 1.93976617 -1.01975811 H 1.0 -2.96434665 1.77539849 -0.04227407 H 1.0 -3.34979510 1.16876292 -1.47864628 O 8.0 -0.87609357 3.76639867 -1.39110386 H 1.0 -1.73995185 4.18568373 -1.28427601 H 1.0 -0.81311923 3.41077709 -2.34121013 O 8.0 -0.92407334 1.87161100 -2.89894915 H 1.0 -0.13265222 1.36746585 -3.15616560 O 8.0 2.92409205 -0.27431703 -1.04881108 H 1.0 3.24455571 -1.18190598 -0.95670331 H 1.0 2.80144691 -0.13550572 -2.02561235 O 8.0 0.90277165 -2.24550366 -0.75489652 H 1.0 0.79687870 -2.09741282 0.22516245 H 1.0 0.07655326 -2.61795783 -1.09047985 O 8.0 1.15764225 -0.10996597 -2.75930357 H 1.0 1.06635499 1.96919835 0.06670336 H 1.0 1.54066765 -0.20233509 1.51748610 H 1.0 -0.85624754 1.36806571 1.39183426 H 1.0 -1.16433823 -0.24264990 0.05162615 H 1.0 0.70818776 -0.82041889 -3.22992921


D12 (Multiplicity=1, E=-3526.2221632023)
Co 27.0 -0.89124602 2.47386932 -1.04911554 Co 27.0 1.08433402 0.46111149 -0.81071585 O 8.0 1.00705063 2.33892918 -0.90619493 O 8.0 1.03175223 0.59353691 1.05837953 O 8.0 -0.96328515 3.01700807 0.75019306 O 8.0 -0.82644737 0.59992445 -0.67949945 O 8.0 -2.85001898 2.59254742 -1.33228016 H 1.0 -3.30901504 1.81791675 -0.98433769 H 1.0 -2.66963506 2.44166613 -2.29951668 O 8.0 -0.81131345 4.43322563 -1.30843937 H 1.0 -0.79103285 4.60948038 -0.34138972 H 1.0 0.05919852 4.65215158 -1.66702473 O 8.0 -1.00875962 2.11840081 -2.91952133 H 1.0 -1.04864228 1.16256738 -3.04919982 O 8.0 3.04969954 0.42017418 -1.12134588 H 1.0 3.40270567 1.30728269 -0.97239292 H 1.0 2.78994799 0.37913555 -2.09106421 O 8.0 1.00269306 -1.52885425 -0.95078111 H 1.0 0.17048870 -1.84214270 -0.57336795 H 1.0 0.89445019 -1.51423192 -1.92743993 O 8.0 1.20054996 0.21110046 -2.70875144 H 1.0 0.81862700 0.95440757 -3.19553781 H 1.0 1.15668118 2.57139397 0.02617888 H 1.0 1.73390210 0.08292463 1.47522914 H 1.0 -0.45433208 2.44758892 1.34312868 H 1.0 -0.93280816 0.53522432 0.28502503

D13 (Multiplicity=1, E=-3526.2212532058)
Co 27.0 -1.01413012 1.88576543 -0.98345518 Co 27.0 0.95204931 -0.12558186 -0.81858218 O 8.0 0.87018347 1.74710464 -0.87068605 O 8.0 0.85365808 -0.06983127 1.05435669 O 8.0 -1.08552659 2.35861659 0.81728351 O 8.0 -0.93929738 0.00614293 -0.73769891 O 8.0 -2.98884606 1.99837506 -1.13170481 H 1.0 -3.28399086 2.76224899 -0.61788619 H 1.0 -3.02694988 2.20848894 -2.08461452 O 8.0 -0.93397123 3.84321499 -1.38930070 H 1.0 -0.32686982 4.19817543 -0.72502828 H 1.0 -0.49322063 3.82893276 -2.25464129 O 8.0 -1.13056135 1.77986145 -2.89606309 H 1.0 -1.33700025 0.88069689 -3.17342019 O 8.0 2.93369460 -0.14269471 -1.10671270 H 1.0 3.30277610 -1.02457511 -0.96557236 H 1.0 2.70611954 -0.08972564 -2.07858753 O 8.0 0.88454795 -2.12270498 -1.06952643 H 1.0 0.07591789 -2.47058177 -0.67190534 H 1.0 0.71701854 -1.98801112 -2.03309965 O 8.0 1.07545495 -0.28939629 -2.72067475 H 1.0 0.63300312 0.45966449 -3.14651012 H 1.0 1.06111288 1.97740400 0.05415697 H 1.0 1.66405237 -0.35794172 1.48641145 H 1.0 -0.61133039 1.71653724 1.36438394 H 1.0 -1.14849985 -0.12964292 0.20039116

D14 (Multiplicity=2, E=-3525.5985550762)
Co 27.0 -1.21039855 2.03098392 -1.28753185 Co 27.0 0.79092693 -0.02983990 -1.08806038 O 8.0 0.63766682 1.91452467 -0.96412176 O 8.0 0.29552475 -0.27268344 0.69663298 O 8.0 -1.59476161 1.63883007 0.63018185 O 8.0 -1.08152413 0.12382942 -1.53560245 O 8.0 -3.11381459 2.19139075 -1.82825029 H 1.0 -3.17200828 3.14516282 -1.61842036 H 1.0 -2.95663762 2.15214658 -2.78917694 O 8.0 -1.40483308 3.83760214 -0.88700485 H 1.0 -0.67649817 4.38493299 -1.19799542 H 1.0 -0.45788741 3.02970481 -3.30113697 O 8.0 -0.82853508 2.15659046 -3.12764192 H 1.0 0.37891650 1.04724491 -3.21821785 O 8.0 2.49829912 0.12644204 -0.58150572 H 1.0 3.00702143 0.34107834 -1.37682414 O 8.0 0.75503665 -1.76791167 -1.41627455 H 1.0 0.62716579 -2.21439886 -0.56570870 O 8.0 1.09010756 0.33890304 -3.02269053 H 1.0 0.90583318 2.17902112 -0.07635213 H 1.0 -1.51107359 2.49008632 1.08294022 H 1.0 -0.88683468 1.00107992 0.93581498 H 1.0 -1.59979963 -0.36597651 -0.88498819 H 1.0 0.80099696 -0.47389895 -3.46151543 H 1.0 1.12305224 -0.30393261 1.19459236


D15 (Multiplicity=3, E=-3524.9299244540)
Co 27.0 -1.27428114 2.12167883 -1.24103272 Co 27.0 0.86592603 0.09029283 -1.06676865 O 8.0 0.64981341 2.00635576 -0.91283923 O 8.0 0.37208655 -0.18107389 0.70590001 O 8.0 -1.64450359 1.61182427 0.68447977 O 8.0 -1.00239384 0.24684246 -1.54637134 O 8.0 -2.98369408 2.00008321 -1.63031197 H 1.0 -3.00658727 2.05173898 -2.60037327 O 8.0 -1.20989585 3.82941532 -0.68195224 H 1.0 -0.59280765 4.33823109 -1.22326052 H 1.0 -0.67091966 3.29598594 -3.22120953 O 8.0 -0.83648199 2.36485052 -3.02852774 H 1.0 0.50058579 1.22282445 -3.18401885 O 8.0 2.56790495 0.25614914 -0.56495869 H 1.0 3.07727766 0.46662953 -1.36146331 O 8.0 0.82689887 -1.64255691 -1.42000306 H 1.0 0.72378629 -2.10456657 -0.57401329 O 8.0 1.17230010 0.49830714 -3.00621367 H 1.0 0.90503156 2.27466345 -0.02202746 H 1.0 -1.62406754 2.42509007 1.20659053 H 1.0 -0.88976175 1.01323164 0.94937891 H 1.0 -1.57739198 -0.28054002 -0.97539383 H 1.0 0.85943961 -0.29041377 -3.47270417 H 1.0 1.19725120 -0.18609194 1.20956218

D16 (Multiplicity=2, E=-3524.2648209690)
Co 27.0 -1.29120100 2.02058697 -1.31876290 Co 27.0 0.90282565 0.03598902 -1.05271196 O 8.0 0.61497557 1.96237302 -0.97810757 O 8.0 0.34716570 -0.25467420 0.69755203 O 8.0 -1.53614879 1.57581282 0.66576052 O 8.0 -0.94883758 0.11847132 -1.58500624 O 8.0 -3.07653618 1.66040123 -1.62200451 H 1.0 -3.54182625 2.47720790 -1.84304059 O 8.0 -1.48747015 3.62062716 -1.04930198 H 1.0 -1.65450692 1.75251937 -3.52271414 O 8.0 -0.87857485 2.16059470 -3.10975695 H 1.0 0.56268460 1.10758030 -3.20317936 O 8.0 2.57022762 0.28464717 -0.48164245 H 1.0 3.09078646 0.55790716 -1.25178742 O 8.0 0.95813423 -1.69862831 -1.39144802 H 1.0 0.85814512 -2.16121268 -0.54558128 O 8.0 1.27731335 0.44216648 -2.97399831 H 1.0 0.85979331 2.31108093 -0.11176606 H 1.0 -2.43727279 1.23086429 0.72559446 H 1.0 -0.87374830 0.83719873 0.86018920 H 1.0 -1.52501357 -0.48282412 -1.09792686 H 1.0 1.07037783 -0.37259313 -3.45383811 H 1.0 1.13646746 -0.19820635 1.25322437


D16' (Multiplicity=4, E=-3524.2625896825)
Co 27.0 -1.26645339 2.18472171 -1.23410213 Co 27.0 0.85877782 0.09278359 -1.06000006 O 8.0 0.67565942 2.01643610 -0.93686867 O 8.0 0.34418029 -0.17511319 0.70728409 O 8.0 -1.60053730 1.60656607 0.69879878 O 8.0 -0.98885036 0.28922763 -1.55262923 O 8.0 -2.99903631 1.96646333 -1.59720862 H 1.0 -3.04662156 2.01084685 -2.56508803 O 8.0 -1.22527707 3.79861593 -0.86706662 H 1.0 -0.64036351 3.32110429 -3.19134450 O 8.0 -0.86868364 2.39478183 -3.03621936 H 1.0 0.51402265 1.21064627 -3.18579221 O 8.0 2.55706191 0.25095588 -0.53304482 H 1.0 3.07638931 0.47476703 -1.31930590 O 8.0 0.80862719 -1.63924241 -1.41458547 H 1.0 0.68273401 -2.10376978 -0.57341611 O 8.0 1.18255103 0.49203485 -3.00094342 H 1.0 0.99638319 2.32938242 -0.08287589 H 1.0 -1.64465702 2.30692315 1.35947001 H 1.0 -0.84533507 0.97150987 0.91197854 H 1.0 -1.60775948 -0.24400774 -1.03684759 H 1.0 0.87318444 -0.29859090 -3.46683621 H 1.0 1.16232669 -0.16632278 1.22237194

D17 (Multiplicity=2, E=-3600.7276682514)
Co 27.0 -1.37469459 1.98215044 -1.17716944 Co 27.0 0.84231955 0.13026309 -1.07351565 O 8.0 0.47348055 2.02500653 -0.88602144 O 8.0 0.43901363 -0.16246484 0.72272855 O 8.0 -1.69596279 1.50839818 0.75889516 O 8.0 -1.04892850 0.11179074 -1.49067032 O 8.0 -3.27486897 1.87295735 -1.75270140 H 1.0 -3.05164146 1.91657567 -2.70352244 O 8.0 -1.72278368 3.74720335 -0.70382655 H 1.0 -0.67737257 3.18555784 -3.01765728 O 8.0 -1.01900709 2.27907562 -2.98620200 H 1.0 0.29641700 1.24283934 -3.15062761 O 8.0 2.54805923 0.44433624 -0.65028858 H 1.0 2.98339677 0.74688172 -1.46094823 O 8.0 0.95863509 -1.60202670 -1.42156589 H 1.0 1.00499666 -2.05890894 -0.56841356 O 8.0 1.03703082 0.55699438 -3.02122283 H 1.0 0.76951337 2.36755991 -0.03493628 H 1.0 -1.63088524 2.32761312 1.26889193 H 1.0 -0.91190869 0.92626625 0.98154098 H 1.0 -1.49538612 -0.48371682 -0.87620914 H 1.0 0.73666841 -0.25163957 -3.45980716 H 1.0 1.27621233 -0.05738143 1.19415402 O 8.0 -0.89567411 4.69933367 -1.43374670 H 1.0 -1.57035577 5.32122374 -1.73959041 H 1.0 -3.59486103 2.75933647 -1.51809371

D18 (Multiplicity=3, E=-3600.1062868804)
Co 27.0 -1.31538093 1.98885512 -1.14534044 Co 27.0 0.86820936 0.09983283 -1.09138680 O 8.0 0.53710502 2.00825763 -0.86583203 O 8.0 0.47176376 -0.20142220 0.70754355 O 8.0 -1.63491189 1.48203528 0.78819197 O 8.0 -1.02311635 0.10791121 -1.47776341 O 8.0 -3.21785283 1.86072481 -1.74068892 H 1.0 -2.96664286 1.91986930 -2.68591404 O 8.0 -1.58283257 3.78926969 -0.68890357 H 1.0 -0.71721774 3.21427202 -3.03328848 O 8.0 -0.98124731 2.28323936 -2.95759988 H 1.0 0.32431448 1.25440228 -3.14757681 O 8.0 2.58068967 0.38919434 -0.68052232 H 1.0 3.01397967 0.70265394 -1.48822868 O 8.0 0.96307129 -1.62898135 -1.45867038 H 1.0 0.99837607 -2.09835505 -0.61169678 O 8.0 1.04963577 0.54992533 -3.02793503 H 1.0 0.84017092 2.27817321 0.00891484 H 1.0 -1.60934424 2.22951126 1.39857614 H 1.0 -0.86014771 0.87597030 0.98851156 H 1.0 -1.46997631 -0.48881498 -0.86488169 H 1.0 0.73707294 -0.24476999 -3.48314667 H 1.0 1.31334174 -0.13555679 1.17832184 O 8.0 -1.12996292 4.70340490 -1.49268866 H 1.0 -3.70312262 2.67121124 -1.53203392


D19 (Multiplicity=1, E=-3449.7867326464)
Co 27.0 -1.39930451 1.96455801 -1.56618929 Co 27.0 0.78168052 0.06362928 -1.20409095 O 8.0 0.44977471 1.99082863 -1.55344439 O 8.0 0.18487374 0.16865543 0.64143026 O 8.0 -1.74092305 1.84972918 0.22867373 O 8.0 -1.04583406 0.11367529 -1.90858567 O 8.0 -3.37804532 1.85998380 -1.83528125 H 1.0 -3.51487684 2.81988716 -1.94582951 H 1.0 -0.95482665 4.30759621 -1.76589453 O 8.0 -1.73874784 3.76586390 -1.62768710 H 1.0 0.72582519 -0.13659531 -3.61628771 O 8.0 2.44165707 0.31117609 -0.42938378 H 1.0 3.13884044 0.30694506 -1.09352338 O 8.0 0.88283235 -1.79207432 -1.20050395 H 1.0 1.54464006 -2.03706336 -0.54223973 O 8.0 1.47022653 -0.29213691 -3.01776528 H 1.0 0.92325443 2.59066939 -0.96588451 H 1.0 -1.77331996 2.77062106 0.52499419 H 1.0 -0.52743983 0.87179965 0.70720577 H 1.0 -1.61042607 -0.58320773 -1.55728924 H 1.0 1.41988313 -1.25400877 -2.73832941 H 1.0 1.00039566 0.45595053 1.08196521 H 1.0 -3.68991351 1.65098214 -0.93942142

D20 (Multiplicity=2, E=-3524.2950166454)
Co 27.0 -1.07258403 1.32271147 -2.03195500 Co 27.0 1.19351137 -0.97967744 -2.11490297 O 8.0 1.72268188 0.89811599 -2.14868855 O 8.0 1.86309373 -1.22648239 -0.27098101 O 8.0 -1.05423415 1.95094025 -0.12081120 O 8.0 -0.53505749 -0.35394269 -1.43412185 O 8.0 -2.86625171 1.38598084 -1.77685082 H 1.0 -3.46489716 1.04062772 -2.44597769 H 1.0 1.53250539 -2.13753319 -0.15889651 O 8.0 0.78343737 1.80355310 -2.11816239 O 8.0 2.91831136 -1.40944755 -2.62070608 H 1.0 2.90936971 -2.35712767 -2.80570006 O 8.0 0.63247317 -2.73281288 -1.90306807 H 1.0 -0.05709874 -0.13101515 -4.06213903 O 8.0 0.62667644 -0.89112616 -3.96237206 H 1.0 -0.59865731 1.26289093 0.38732067 H 1.0 2.77806759 -1.33515787 -0.60690218 H 1.0 -1.17957294 -1.05968583 -1.57390261 H 1.0 1.42770350 -0.68189853 -4.46289301 H 1.0 0.42571175 -3.13837242 -2.75190663 H 1.0 -2.00483274 1.87651169 0.07358974 H 1.0 -1.96232629 0.81644905 -4.17843008 O 8.0 -1.07654250 0.99034214 -3.84178615

D21 (Multiplicity=2, E=-3600.7590604914)
Co 27.0 -1.00548828 1.41969144 -2.11802554 Co 27.0 1.04481006 -0.88570517 -2.21777153 O 8.0 1.71269941 0.83639699 -2.47044206 O 8.0 1.17012644 -0.72422749 -0.35578397 O 8.0 -0.53266716 1.43059587 -0.15023801 O 8.0 -0.81393719 -0.42811191 -1.94889593 O 8.0 -2.83803654 1.37977481 -1.81235695 H 1.0 -3.14054227 0.50796479 -1.53887475 H 1.0 0.62337452 -2.70491529 -0.90325624 O 8.0 0.86068749 1.82076752 -2.40010023 O 8.0 2.72859836 -1.57143092 -2.56610608 H 1.0 3.43061304 -0.91595423 -2.49345064 O 8.0 0.63884276 -2.81354046 -1.87258756 H 1.0 -0.02987132 -0.06786856 -4.34303904 O 8.0 0.52642375 -0.88618577 -4.18391800 H 1.0 0.10272909 0.66066307 -0.04618391 H 1.0 2.10115290 -0.63344961 -0.12065995 H 1.0 -1.30911994 -0.84483218 -2.66460514 H 1.0 1.32098567 -0.85363168 -4.73107624 H 1.0 1.54506135 -3.12199903 -2.06879830 H 1.0 -1.34522009 1.18364012 0.30915183 H 1.0 -2.09929776 1.10031509 -4.13357401 O 8.0 -1.15962839 1.26360536 -3.97961473 O 8.0 -1.37672186 3.36924863 -2.29877996 H 1.0 -1.33854902 3.45700884 -3.26556492 H 1.0 -2.32396579 3.30866981 -2.07246852

D22 (Multiplicity=2, E=-3677.1720232786)
Co 27.0 -0.95544153 1.73286724 -2.14494586 Co 27.0 1.33507681 -1.07282567 -2.25826669 O 8.0 1.73296320 2.62549591 -2.69233775 O 8.0 1.92301786 -1.47736657 -0.53708106 O 8.0 -0.84021729 2.26532078 -0.18776816 O 8.0 -0.05675504 0.16257575 -1.51404381 O 8.0 -2.68346715 0.94526529 -1.98332143 H 1.0 -2.88366008 0.40622109 -1.21186340 H 1.0 0.55083966 -2.79002094 -1.09150028 O 8.0 0.49541548 2.93989491 -2.45629120 O 8.0 2.49347115 -2.32972288 -2.96871471 H 1.0 3.31985474 -1.90863955 -3.23073983 O 8.0 0.15023361 -2.61970115 -1.97364962 H 1.0 0.02449343 0.14080976 -4.10950184 O 8.0 0.62194031 -0.70758575 -4.06071806 H 1.0 -0.34815693 1.49092579 0.13767853 H 1.0 2.65808916 -2.09028864 -0.68389118 H 1.0 -0.80495757 -0.44696343 -1.46180332 H 1.0 1.29389727 -0.72065848 -4.74957371 H 1.0 0.56043851 -3.25593090 -2.58444357 H 1.0 -1.69671655 2.28410864 0.25716856 H 1.0 -1.81638539 0.74783540 -3.99798298 O 8.0 -0.97318631 1.22167659 -3.93738914 O 8.0 -2.10301709 3.28300047 -2.63702154 H 1.0 -1.90883517 3.44267058 -3.57331347 H 1.0 -2.93657756 2.76902103 -2.59272170 O 8.0 2.66816998 0.29831004 -2.29450107 H 1.0 2.25189948 1.21720612 -2.44586444 H 1.0 2.94520521 0.23977408 -1.36386597

D23 (Multiplicity=3, E=-3676.5766751949)
Co 27.0 -1.38642740 2.23991537 -0.37302595 Co 27.0 0.46753162 0.14869429 -0.76356530 O 8.0 0.36798045 1.97653556 -1.20738876 O 8.0 1.12814510 0.59287214 0.93877816 O 8.0 -0.33460364 2.61502337 1.29661357 O 8.0 -1.30790842 0.38514227 -0.00669897 O 8.0 -2.97523451 2.56399894 0.53204107 H 1.0 -3.58577442 1.82053542 0.49499202 O 8.0 -1.55993307 4.21476126 -0.71772671 H 1.0 -2.47287631 4.21976423 -0.36095116 H 1.0 -1.01736581 4.69401264 -0.07669950 O 8.0 1.38826966 1.22472405 -6.04008913 O 8.0 2.14621329 -0.15291886 -1.49767375 H 1.0 2.45652151 0.57224768 -2.04958677 O 8.0 0.56726253 -1.83901715 -0.50724941 H 1.0 -0.07102234 -2.17987847 -1.15048277 O 8.0 1.46057677 0.45993572 -5.10827398 H 1.0 1.05501962 2.44238901 -0.71585363 H 1.0 2.08745217 0.49895510 0.92966658 H 1.0 0.36566553 1.84489036 1.34048784 H 1.0 -1.22363544 0.23391882 0.94274211 O 8.0 -0.52094996 -0.16334963 -2.46227956 H 1.0 1.44514477 -1.91076183 -0.93272215 H 1.0 0.06438138 0.06209333 -3.19655967 O 8.0 -2.09283614 1.78204274 -2.03897548 H 1.0 -1.25700462 0.57938081 -2.42128229 H 1.0 -3.03518200 1.60504746 -1.94061947 H 1.0 -0.94342458 2.56160426 2.04443884

D24 (Multiplicity=2, E=-3524.2748514897)
Co 27.0 -1.28034186 2.21633530 -1.15656781 Co 27.0 0.85043639 0.09500097 -1.06697202 O 8.0 0.66357356 2.03829336 -1.09464490 O 8.0 0.25470299 -0.18361145 0.66684222 O 8.0 -1.54236686 1.70915699 0.90405452 O 8.0 -0.92968434 0.40202218 -1.79221845 O 8.0 -2.96073413 2.29242682 -1.75788987 H 1.0 -3.49603105 2.89311624 -1.22310674 O 8.0 -1.27400541 3.98905778 -0.65366596 H 1.0 -1.85963166 4.93238735 -2.18323159 O 8.0 -0.97340727 4.72481489 -1.84735155 H 1.0 0.98417759 0.97083992 -3.36593580 O 8.0 2.49809408 0.22108319 -0.39440447 H 1.0 3.11791420 0.31732374 -1.13159990 O 8.0 0.73138988 -1.64299083 -1.38113153 H 1.0 0.47670001 -2.05663419 -0.54167378 O 8.0 1.51122379 0.25836951 -2.97426343 H 1.0 1.17506552 2.51632333 -0.43296921 H 1.0 -1.31792367 2.43762970 1.49386728 H 1.0 -0.85668826 0.98873764 1.01869094 H 1.0 -1.58323681 -0.26333186 -1.54750645 H 1.0 1.20219457 -0.57212251 -3.36921763 H 1.0 1.06763756 -0.17972136 1.19211054

D25 (Multiplicity=2, E=-3600.7669947774)
Co 27.0 -0.87906653 2.32792449 -1.32405686 Co 27.0 0.87743461 0.15420087 -1.00808144 O 8.0 0.91790658 2.02247953 -0.82315475 O 8.0 0.17912696 -0.10908623 0.73082113 O 8.0 -1.43687451 1.84046566 0.54926920 O 8.0 -0.92079067 0.41740781 -1.66016507 O 8.0 -2.74033618 2.64096260 -1.91049027 H 1.0 -3.38329911 2.43364930 -1.21965909 O 8.0 -0.73126334 4.17268085 -0.91266453 H 1.0 -2.70939040 3.63075900 -1.98615360 O 8.0 -1.67667687 4.93448210 -1.39812517 H 1.0 1.92390573 -1.73543656 -0.86795384 O 8.0 2.59527540 -0.15766084 -0.33457524 H 1.0 3.24449468 0.34059373 -0.84358937 O 8.0 0.99663806 -1.82771182 -1.21451414 H 1.0 0.46859890 -2.16050124 -0.47299957 O 8.0 1.36884129 0.51436090 -2.90064406 H 1.0 1.13676083 2.26103926 0.08501892 H 1.0 -1.37828040 2.54831791 1.20175111 H 1.0 -0.80039048 1.05687547 0.81942844 H 1.0 -1.56048715 -0.02845193 -1.09345746 H 1.0 0.96400911 -0.18293272 -3.43288207 H 1.0 0.94352490 -0.12520209 1.32183468 O 8.0 -0.24443682 2.57069182 -3.06067061 H 1.0 0.80123836 1.35307145 -3.09346223 H 1.0 0.25266951 3.39825583 -3.08464622

D26 (Multiplicity=2, E=-3450.4505957685)
Co 27.0 -0.71505558 2.61703897 -0.81326658 Co 27.0 0.93077826 0.16034144 -1.00018573 O 8.0 1.28134847 2.00435591 -0.74449807 O 8.0 0.22151206 -0.17525922 0.70909637 O 8.0 -1.07657087 2.00573444 1.12335384 O 8.0 -0.74921036 0.81092882 -1.72797203 O 8.0 -3.14770460 2.98240304 -0.82259828 H 1.0 -2.71127915 3.81176400 -1.15153599 H 1.0 -3.69592714 2.66416597 -1.54691899 H 1.0 1.53839910 -1.97611237 -1.06432164 O 8.0 2.55288196 -0.50562435 -0.34437042 H 1.0 3.30472279 -0.12616882 -0.81127226 O 8.0 0.59655887 -1.78708291 -1.28148985 H 1.0 0.12843984 -1.94671464 -0.44045779 O 8.0 1.60560155 0.58435166 -2.84987688 H 1.0 1.80798399 2.13500404 0.05127306 H 1.0 -2.02093410 1.90139532 1.28662014 H 1.0 -0.62791765 1.09232712 1.13392746 H 1.0 -1.49920106 0.22147635 -1.60871983 H 1.0 0.74038452 0.66781008 -3.28805614 H 1.0 1.00820887 -0.32614326 1.25168705 O 8.0 -1.11604095 4.30127668 -1.56113756 H 1.0 1.87345517 1.50178385 -2.65318274 H 1.0 -0.56302392 5.07743502 -1.44912636

D27 (Multiplicity=2, E=-3526.8604285162)
Co 27.0 -0.79214072 2.48411369 -1.21496141 Co 27.0 0.84608197 0.16505942 -1.00407743 O 8.0 1.05910730 2.03097105 -0.86171037 O 8.0 0.34177798 0.00695941 0.81367099 O 8.0 -1.10637879 2.13909364 0.83290625 O 8.0 -0.99968159 0.38330218 -1.46676707 O 8.0 -2.67055798 2.98244762 -1.92324591 H 1.0 -2.84946465 3.91903520 -1.76961505 H 1.0 -2.23282075 2.93341136 -2.80594349 H 1.0 1.85312879 -1.73288512 -0.94808489 O 8.0 2.64060068 -0.22863688 -0.55061626 H 1.0 3.23488760 0.22608943 -1.15696514 O 8.0 0.88519758 -1.84247041 -1.16978765 H 1.0 0.45792514 -2.16612744 -0.36407727 O 8.0 1.10770774 0.42618325 -2.97239447 H 1.0 1.39963615 2.18348932 0.02629933 H 1.0 -1.99848545 1.91349924 1.11985731 H 1.0 -0.52572495 1.28604472 0.96646374 H 1.0 -1.54960930 -0.05806802 -0.81160212 H 1.0 0.57393450 -0.27196413 -3.37535930 H 1.0 1.17277694 -0.04410478 1.30415654 O 8.0 -0.37088218 2.63462400 -3.10126066 H 1.0 0.56930929 1.27636766 -3.14096427 H 1.0 0.23215303 3.35650182 -3.30717039 O 8.0 -0.76641417 4.70966530 -0.31769422 H 1.0 -0.72769845 4.32273865 0.56936657 H 1.0 0.01830194 5.26161432 -0.41062367


D28 (Multiplicity=2, E=-3525.5659978427)
Co 27.0 -1.13870370 1.74962914 -1.21585989 Co 27.0 0.74823171 -0.18041223 -0.91795838 O 8.0 0.72659796 1.70396161 -0.83738989 O 8.0 0.85557753 -0.14192145 0.93105942 O 8.0 -1.50846851 2.00863624 0.60895973 O 8.0 -0.96627146 -0.06369882 -1.08097434 O 8.0 -3.13009191 1.75886309 -1.25174785 H 1.0 -3.04297280 1.82539260 -0.25874078 H 1.0 -3.43544483 2.62601066 -1.55340207 O 8.0 -1.18106329 3.72846770 -1.67399824 H 1.0 -0.46328837 4.21646023 -1.25179112 H 1.0 -0.89289403 3.42835593 -2.57979727 O 8.0 -0.81674713 1.75564325 -3.11386418 H 1.0 -1.54048455 1.33557832 -3.59189820 O 8.0 2.82399654 -0.30110744 -0.92621261 H 1.0 3.17314911 0.40726051 -0.37133425 H 1.0 2.87930036 -0.02848647 -1.86426055 O 8.0 0.63187897 -2.14780140 -1.22157025 H 1.0 0.77740091 -1.97465682 -2.18435502 O 8.0 1.14765775 -0.22945866 -2.75442100 H 1.0 0.75217062 1.88682997 0.11796225 H 1.0 0.96336019 -1.03168285 1.28845859 H 1.0 -1.16631079 1.26053381 1.11941195 H 1.0 0.59511596 0.46122211 -3.17436147 H 1.0 -0.31202197 -2.35364318 -1.14136624

D29 (Multiplicity=3, E=-3524.9255526479)
Co 27.0 -1.05938339 1.91605508 -1.46558750 Co 27.0 0.81427425 -0.29465315 -0.88735873 O 8.0 0.76915216 1.91215980 -1.21318591 O 8.0 0.78609991 0.17014602 0.88008720 O 8.0 -1.46944070 1.99924803 0.33610433 O 8.0 -1.02030277 0.03406558 -1.43881106 O 8.0 -3.09547758 1.88561344 -1.64509284 H 1.0 -3.21895790 1.61674714 -0.71181601 H 1.0 -3.46726036 2.77638531 -1.70454967 O 8.0 -1.11250663 3.91245866 -1.24081337 H 1.0 -1.15382612 3.80350780 -0.26237735 H 1.0 -0.21226941 4.20026636 -1.45368731 O 8.0 -0.72166985 1.79314232 -3.43756127 H 1.0 -1.53485501 1.71863484 -3.95329547 O 8.0 2.53585243 -0.76209152 -1.24896729 H 1.0 3.17009878 -0.05776128 -1.07768083 O 8.0 0.85765129 -2.60859990 -0.54028559 H 1.0 1.78080797 -2.48812652 -0.83137202 O 8.0 -0.23005940 -0.50710523 -2.49311638 H 1.0 0.95945358 2.05830407 -0.27406889 H 1.0 1.07574260 -0.53795129 1.46563733 H 1.0 -0.90979999 1.37407196 0.83244902 H 1.0 -0.34003767 0.85969627 -3.40442944 H 1.0 0.39708787 -3.04575181 -1.26541257

D29D (Multiplicity=1, E=-3524.9181180442)
Co 27.0 -1.05003905 1.79123628 -1.47078431 Co 27.0 0.75141895 -0.28108037 -0.85465974 O 8.0 0.79500395 1.61605763 -1.17702615 O 8.0 0.75494558 0.24091056 0.92755377 O 8.0 -1.49200284 1.88267183 0.32775795 O 8.0 -1.08825064 -0.08605660 -1.50240517 O 8.0 -3.06269360 1.90574992 -1.71810603 H 1.0 -3.24239039 1.55933189 -0.82226741 H 1.0 -3.32637310 2.83632255 -1.68591440 O 8.0 -1.05821514 3.79774404 -1.17715549 H 1.0 -1.10895205 3.60323191 -0.20623258 H 1.0 -0.19595575 4.19117451 -1.36488402 O 8.0 -0.69403636 1.69993448 -3.42352128 H 1.0 -1.50674868 1.67587221 -3.94455600 O 8.0 2.54988432 -0.68242317 -0.96787024 H 1.0 3.08438683 0.06764807 -1.24584150 O 8.0 0.66467983 -2.25041056 -0.62322992 H 1.0 1.62588048 -2.37870264 -0.75518072 O 8.0 -0.20306037 -0.55444127 -2.55219078 H 1.0 0.97657585 1.81771576 -0.23763794 H 1.0 1.47810233 -0.18616879 1.39885473 H 1.0 -0.92747700 1.28824461 0.85853618 H 1.0 -0.35467136 0.72733170 -3.38234782 H 1.0 0.23036222 -2.55343246 -1.43608248

D30 (Multiplicity=1, E=-3601.373042294)
Co 27.0 -0.98924530 1.80916905 -1.38040948 Co 27.0 0.96380961 -0.22234362 -0.99543691 O 8.0 0.85669857 1.69244289 -1.01001155 O 8.0 0.83396608 -0.04872824 0.84500867 O 8.0 -1.42586911 2.20135570 0.39922374 O 8.0 -0.97734523 -0.04617660 -1.14033592 O 8.0 -2.98866725 1.89196682 -1.55743492 H 1.0 -3.10552931 1.92803049 -0.58249044 H 1.0 -3.30807495 2.73454809 -1.90527904 O 8.0 -0.85654181 3.81738114 -1.44610333 H 1.0 -0.92033076 3.85225987 -0.46481052 H 1.0 0.06502620 4.01149559 -1.67159688 O 8.0 -0.63861841 1.48535562 -3.24706888 H 1.0 -1.37311649 -0.12901789 -2.99779844 O 8.0 2.81700611 -0.46438080 -0.97140270 H 1.0 3.14231467 -0.21010646 -0.10015012 O 8.0 0.98740327 -2.20009136 -0.96212882 H 1.0 1.97143161 -2.15166283 -1.02434790 O 8.0 -1.51729059 -0.77835149 -2.26589942 H 1.0 0.94574529 1.82429826 -0.05104803 H 1.0 0.38472587 -0.82980782 1.18697774 H 1.0 -1.03318763 1.54594707 0.99393731 H 1.0 0.63530546 -2.52581549 -1.80284083 O 8.0 1.27437818 -0.20665045 -2.98576689 H 1.0 0.70659107 0.55242532 -3.31532621 H 1.0 2.20256329 0.07309134 -2.95019984 H 1.0 -0.93741429 2.16073489 -3.86139321

D31 (Multiplicity=2, E=-3600.7361995855)
Co 27.0 -1.01374042 1.75143862 -1.39318335 Co 27.0 0.99193311 -0.31593156 -0.93862444 O 8.0 0.82300490 1.58885694 -0.93503469 O 8.0 0.84492290 -0.15994647 0.89625525 O 8.0 -1.53528440 2.15635109 0.36322537 O 8.0 -0.98019147 -0.10796406 -1.15096259 O 8.0 -2.98329592 1.92239308 -1.68943453 H 1.0 -3.12366343 2.04910183 -0.72301406 H 1.0 -3.19324899 2.76121378 -2.12116289 O 8.0 -0.86185598 3.75940657 -1.52750623 H 1.0 -0.81108660 3.92290688 -0.56738716 H 1.0 0.01103085 3.92095590 -1.91333854 O 8.0 -0.51179361 1.57033837 -3.22738433 H 1.0 -1.25916409 1.29157817 -3.76871347 O 8.0 2.83642793 -0.47334123 -0.92702788 H 1.0 3.15048170 -0.11499625 -0.08841225 O 8.0 1.15975201 -2.29032493 -0.93455762 H 1.0 2.14475703 -2.22141671 -0.94304198 O 8.0 -1.76663578 -0.91418058 -1.79651773 H 1.0 0.88176405 1.74391937 0.02222651 H 1.0 0.80457616 -1.03119361 1.30567312 H 1.0 -1.22501338 1.48552728 0.98573452 H 1.0 0.87712866 -2.64046431 -1.79121673 O 8.0 1.13999438 -0.29325435 -2.91802049 H 1.0 0.51324379 0.49519056 -3.20092607 H 1.0 2.06082749 -0.02818631 -3.05434489

D32 (Multiplicity=2, E=-3677.1936414268)
Co 27.0 -1.24322319 2.05650496 -1.39772129 Co 27.0 1.75040650 0.26033619 -1.20954907 O 8.0 0.46855289 1.60313153 -0.72872645 O 8.0 1.86104536 -0.08102158 0.53434432 O 8.0 -1.96707630 2.27468657 0.29295757 O 8.0 -1.67703187 0.22707297 -1.54226291 O 8.0 -3.04972196 2.50919533 -2.05463552 H 1.0 -3.38875055 1.58978426 -2.21370840 H 1.0 -3.45467567 2.79168630 -1.21552467 O 8.0 -0.75921589 3.99647617 -1.11848211 H 1.0 -0.99564826 4.03309584 -0.17298231 H 1.0 0.20816629 4.00790739 -1.15755630 O 8.0 -0.47780088 2.13242722 -3.21725941 H 1.0 -1.11830163 2.07816863 -3.93489337 O 8.0 3.17575788 -0.65930957 -1.71993995 H 1.0 3.71328115 -0.92184556 -0.96204573 O 8.0 1.53646755 -2.88914704 0.19206984 H 1.0 2.12706661 -3.61295390 -0.03720545 O 8.0 -2.82552338 -0.05465654 -2.08691931 H 1.0 0.42056090 1.49466574 0.23413323 H 1.0 2.01178980 -1.03065848 0.69727230 H 1.0 -2.01248431 1.45977461 0.80556589 H 1.0 0.97013283 -2.75902534 -0.59708607 O 8.0 1.11454701 0.24421705 -2.97013640 H 1.0 0.19845487 1.34629536 -3.28847742 H 1.0 1.79329395 -0.12453588 -3.54941463 H 1.0 -0.98259282 -2.20428014 -1.92071259 H 1.0 0.24728122 -1.52497637 -2.53319597 O 8.0 -0.04513904 -2.34568954 -2.09659719


D33 (Multiplicity=3, E=-3676.5722392109)
Co 27.0 -1.31734025 2.19504285 -0.40419918 Co 27.0 0.52942342 0.08328503 -0.78519392 O 8.0 0.45923615 1.97585809 -0.98446560 O 8.0 1.26388943 0.40725878 0.89331645 O 8.0 -0.78291070 2.83962369 1.27250469 O 8.0 -1.23700809 0.36681753 0.01866953 O 8.0 -3.14059782 2.49240494 0.39115709 H 1.0 -2.73745251 2.78909469 1.23662400 O 8.0 -1.26231730 4.14589167 -0.89546227 H 1.0 -0.77910823 4.19195604 -1.73237574 H 1.0 -0.67943114 4.45766449 -0.18044384 O 8.0 0.09381571 1.81699336 -6.33167553 O 8.0 2.16252136 -0.22759911 -1.64567423 H 1.0 2.87493920 0.20171350 -1.15930951 H 1.0 -3.56124759 3.26417160 -0.01158447 O 8.0 0.64562756 -1.90324414 -0.65580153 H 1.0 0.01180180 -2.24798179 -1.30050778 O 8.0 0.62563330 0.91971153 -5.72286510 H 1.0 1.04306722 2.23706317 -0.25389299 H 1.0 1.74524415 -0.35886610 1.22432959 H 1.0 -0.12920965 2.28206158 1.71720278 H 1.0 -1.01975906 0.30454955 0.96067494 O 8.0 -0.32438773 -0.11687057 -2.55476785 H 1.0 1.51816452 -1.81774855 -1.12575710 H 1.0 0.38630322 0.12750535 -3.16415715 O 8.0 -1.93121529 1.75058448 -2.15682340 H 1.0 -1.03059006 0.66347361 -2.54546738 H 1.0 -2.79613113 1.33087707 -2.08204079

Cubane Catalyst

